cam0:
  cam_overlaps: [1, 2]
  camera_model: pinhole
  distortion_coeffs: [-0.00013001220133646425, 0.0005510689999860636, 0.0006186119486697362, 0.0004105852905785956]
  distortion_model: radtan
  intrinsics: [424.76064694688995, 426.1456080175565, 428.8455467780334, 246.2985708769337]
  resolution: [848, 480]
  rostopic: /infra_left
cam1:
  T_cn_cnm1:
  - [0.9999841245624567, -2.6705952293378352e-05, 0.0056347058361582185, -0.0974624367212593]
  - [-3.555926621958877e-06, 0.9999855785166416, 0.005370544302385823, 0.0011362184777558729]
  - [-0.005634768000841671, -0.005370479079245637, 0.9999697032130758, 0.0028201242551440875]
  - [0.0, 0.0, 0.0, 1.0]
  cam_overlaps: [0, 2]
  camera_model: pinhole
  distortion_coeffs: [0.0082496006147441, -0.005711465678389129, -0.00020088943603656348, -0.00019760592654009045]
  distortion_model: radtan
  intrinsics: [428.0965726321212, 428.7654824206224, 430.8184565173938, 242.10329761902275]
  resolution: [848, 480]
  rostopic: /infra_right
cam2:
  T_cn_cnm1:
  - [0.9999994617834423, 0.0006316719970812394, -0.0008230572972729803, 0.03938360827013384]
  - [-0.0006235968721854209, 0.9999520317696045, 0.009774726941545757, -0.0005233159615837781]
  - [0.0008291922379590056, -0.009774208424669658, 0.9999518874875453, 0.006270263942635453]
  - [0.0, 0.0, 0.0, 1.0]
  cam_overlaps: [0, 1]
  camera_model: pinhole
  distortion_coeffs: [-0.04417996335592615, 0.04812798590101841, 0.0002339321536151376, -0.00012255720981058503]
  distortion_model: radtan
  intrinsics: [652.8200356565372, 652.9252119986612, 630.7824402819396, 367.0463625030981]
  resolution: [1280, 720]
  rostopic: /color
