%YAML:1.0
---
type: IMU
name: d455
Gyr:
   unit: " rad/s"
   avg-axis:
      gyr_n: 5.6995315452767871e-03
      gyr_w: 3.2787205845529865e-04
   x-axis:
      gyr_n: 4.8896363109118815e-03
      gyr_w: 3.6205017112017455e-04
   y-axis:
      gyr_n: 4.6487639056540658e-03
      gyr_w: 3.2015874596220793e-04
   z-axis:
      gyr_n: 7.5601944192644132e-03
      gyr_w: 3.0140725828351340e-04
Acc:
   unit: " m/s^2"
   avg-axis:
      acc_n: 5.5608346085953475e-01
      acc_w: 1.7910917044357936e-02
   x-axis:
      acc_n: 9.9090730334096586e-02
      acc_w: 7.3049615265722550e-03
   y-axis:
      acc_n: 1.2056374868129460e+00
      acc_w: 3.5486577523820666e-02
   z-axis:
      acc_n: 3.6352216543156152e-01
      acc_w: 1.0941212082680883e-02
