cam0:
  T_cam_imu:
  - [0.9999866787902377, -0.00035374584304336844, -0.00514947627893084, 0.0003416631798052848]
  - [0.0003351041731369541, 0.9999933897385881, -0.003620522658426902, 0.0003319522832053545]
  - [0.005150722984386569, 0.0036187488176945824, 0.9999801871585913, -0.00019951539090783978]
  - [0.0, 0.0, 0.0, 1.0]
  camera_model: pinhole
  distortion_coeffs: [-0.00013001220133646425, 0.0005510689999860636, 0.0006186119486697362, 0.0004105852905785956]
  distortion_model: radtan
  intrinsics: [424.76064694688995, 426.1456080175565, 428.8455467780334, 246.2985708769337]
  resolution: [848, 480]
  rostopic: /infra_left
  timeshift_cam_imu: -0.009332208980681336
cam1:
  T_cam_imu:
  - [0.9999998174237544, -0.0003600554178507275, 0.00048529635738871364, -0.09712191204114588]
  - [0.0003592056471619468, 0.9999984042592938, 0.001749985762683442, 0.0014670932525418223]
  - [-0.00048592567483657725, -0.0017498111219854898, 0.9999983510172786, 0.0026169069733666403]
  - [0.0, 0.0, 0.0, 1.0]
  T_cn_cnm1:
  - [0.9999841245624542, -2.6705952293378393e-05, 0.005634705836158219, -0.0974624367212593]
  - [-3.5559266219589192e-06, 0.9999855785166392, 0.0053705443023858235, 0.0011362184777558729]
  - [-0.005634768000841672, -0.005370479079245638, 0.9999697032130733, 0.0028201242551440875]
  - [0.0, 0.0, 0.0, 1.0]
  camera_model: pinhole
  distortion_coeffs: [0.0082496006147441, -0.005711465678389129, -0.00020088943603656348, -0.00019760592654009045]
  distortion_model: radtan
  intrinsics: [428.0965726321212, 428.7654824206224, 430.8184565173938, 242.10329761902275]
  resolution: [848, 480]
  rostopic: /infra_right
  timeshift_cam_imu: -0.02001994607289071
