cam0:
  camera_model: pinhole
  intrinsics: [424.76064694688995, 426.1456080175565, 428.8455467780334, 246.2985708769337]
  distortion_model: radtan
  distortion_coeffs: [-0.00013001220133646425, 0.0005510689999860636, 0.0006186119486697362, 0.0004105852905785956]
  T_cam_imu:
  - [0.01779318, 0.99967549,-0.01822936, 0.07008565]
  - [-0.9998017, 0.01795239, 0.00860714,-0.01771023]
  - [0.00893160, 0.01807260, 0.99979678, 0.00399246]
  - [0.0, 0.0, 0.0, 1.0]
  resolution: [848, 480]
  rostopic: /infra_left
  
cam1:
  camera_model: pinhole
  intrinsics: [428.0965726321212, 428.7654824206224, 430.8184565173938, 242.10329761902275]
  distortion_model: radtan
  distortion_coeffs: [0.0082496006147441, -0.005711465678389129, -0.00020088943603656348, -0.00019760592654009045]
  T_cn_cnm1:
  - [0.9999841245624567, -2.6705952293378352e-05, 0.0056347058361582185, -0.0974624367212593]
  - [-3.555926621958877e-06, 0.9999855785166416, 0.005370544302385823, 0.0011362184777558729]
  - [-0.005634768000841671, -0.005370479079245637, 0.9999697032130758, 0.0028201242551440875]
  - [0.0, 0.0, 0.0, 1.0]
  rostopic: /infra_right
  resolution: [848, 480]
